97135
112048
110653
104174
88025
86855
115879
98695
105712
82253
103140
102979
106813
107752
119420
116144
101324
100333
120033
82917
87574
82838
107788
119424
120741
88601
117453
90619
87690
83236
95024
111448
120674
88883
111535
119118
108891
90675
87994
112500
103096
82343
113562
105256
82297
88851
103174
91110
120354
87946
115901
120844
113295
116549
100724
90746
85972
94699
84202
99307
107414
108288
115266
91860
119603
99612
116459
103282
95679
94832
92250
112433
95417
107961
84797
113716
120235
99464
103174
95296
106698
95961
120534
111722
119180
92211
119567
100713
87840
95719
99980
91320
116923
116307
99900
115916
121208
115252
117090
83210
119926
101798
112263
84908
99418
83374
119856
83474
93418
94898
116437
104851
91107
102283
108184
90643
91032
95903
89808
107064
82914
86544
100384
103136
116287
85108
102865
121310
95385
91757
87099
104853
97009
103559
90875
89655
110391
105153
111927
119343
119191
102640
91167
102599
90279
110585
86426
97096
111231
97218
120042
103982
105405
112740
99059
96838
88529
107793
107830
89885
118607
111156
119254
84159
82878
95553
91613
102371
115096
103472
107312
82091
98635
86665
99531
116325
83720
111905
91492
91959
82113
81847
95183
115778
98802
115077
117355
121183
89708
87137
87609
91966
121337
116579
114334
111815
106778
103144
118751
86454
98942
92980
87805
112426
82702
83959
111024
83257
83275
121203
104680
102369
104843
108273
120328
118840
95326
98341
98998
92298
87640
120532
115216
120510
101998
86285
98570
112504
83714
103212
114664
83721
108001
91674
87729
107969
88423
102457
106913
104792
112117
117478
83676
113338
83314
96543
115904
115224
108067
90839
90544
107486
120357
96863
103017
95939
92062
90361
85890
90362
115562
83467
108340
104039
112320
91883
108818
101274
121132
119685
102762
103269
104275
96414
83239
91671
91515
96256
104030
118781
95832
86918
119719
104733
113676
104009
99615
93225
96670
99117
103567
116728
91415
99849
112076
95808
111939
106903
110758
111453
119589
121380
118388
99812
82905
121524
106908
111930
99574
94629
86495
103905
83701
108147
107398
93982
115441
92071
98831
92158
119457
107440
89218
110767
83234
113652
109579
87943
99975
121697
99786
101409
108185
104233
96647
88629
83279
93272
99379
83708
83147
97298
104099
107793
109221
98908
94584
111753
91527
114926
119248
86466
115199
86520
107734
107363
91784
100193
107083
111227
102282
115949
121037
116413
109142
83800
118393
121127
95045
123333
92231
112143
98562
99710
103550
115327
103825
119955
101986
111635
87327
120395
83653
85609
101358
97795
87871
94239
106239
119425
119287
86228
86771
99251
95238
117773
90336
91518
111542
103842
95428
116551
100765
103939
99821
103968
104383
104162
95038
108630
92441
118932
119600
108312
102651
115150
106602
111022
118851
99721
107866
112080
85897
96141
118998
95748
115084
119553
120595
84130
92118
87155
90067
106729
87253
96291
110495
88489
95234
88499
83571
90925
89832
111545
103215
98542
100694
107319
84225
107225
120248
92974
112097
96489
83081
103818
119102
111039
91132
90109
83351
95303
116238
116879
87795
120556
103188
95925
87749
103311
88494
86291
103198
102133
111875
120077
111425
111895
113109
111467
115538
110313
82434
86895
113927
101202
104041
119604
114929
108451
120321
102169
101214
91228
119256
120467
115951
104763
120298
103809
120280
90945
119495
115282
98628
88606
87144
119161
92962
112679
97744
82658
119714
115769
82656
106727
95920
104454
106447
114450
85546
104667
116231
112202
101974
111042
96588
102672
107443
83664
96332
117876
87546
85670
87398
92841
119163
92555
120370
115982
96693
114784
95348
104578
91489
83867
115651
95727
95429
84057
116040
112301
106964
108998
100097
119413
116467
88762
98204
119450
107667
84207
119737
110632
92159
103780
83936
96916
93977
104954
115223
98439
103802
97810
91543
105857
96387
116402
96283
95887
97901
86983
103908
113924
98456
86811
104177
115950
119039
119623
99097
97116
99541
107495
114408
104431
93285
103440
87429
119322
107137
113336
116982
105394
87865
83629
95844
100392
116218
95530
118589
94963
107820
98677
98908
120648
91092
115103
107599
116019
101195
91271
106847
108203
102063
120163
120459
120089
94409
91562
113151
86083
84368
98750
104593
95324
108284
81676
86287
104394
114487
94810
95493
82775
102276
120712
108740
82821
116186
107130
84358
99391
83414
98835
95047
99385
120566
121321
100627
95919
83063
103752
111635
114060
106816
111925
85159
108752
93371
107102
104315
86803
114251
91322
87113
115778
81657
102511
84038
111657
107889
94140
103256
83977
112964
118395
99502
114794
84611
115868
82142
87341
94986
104741
118499
118836
108320
104538
100703
115600
89468
105015
110555
107425
115608
96573
111919
90689
112402
111364
117188
121409
83325
95683
91566
90190
111781
99786
96542
89891
103468
86001
91432
109093
112225
111519
121285
84509
104361
116743
103927
115174
94158
116381
82125
116162
107782
113454
120054
120277
100448
113077
99922
107887
110851
91662
117168
102669
117870
103523
82741
108058
103976
116545
83434
100218
112360
112017
119821
111545
95284
99720
86316
99783
86859
82893
89099
87435
82082
117139
115277
96914
111985
94941
83516
93200
117277
83021
96429
121011
81858
91373
119658
87623
104077
99488
104600
88459
119321
95366
106552
86460
116628
84210
98813
114217
90903
121420
95084
95282
88517
116806
98095
103793
120664
96370
121300
108237
119263
103609
122324
83416
87240
100818
108395
104094
98447
99730
114592
108142
113610
111587
98185
89862
103156
112635
104027
113887
91761
92949
87189
106939
96070
89876
104643
95379
88098
115945
119837
104317
95406
115534
119636
103203
91742
109963
110685
86717
102489
88175
87162
87283
97439
83172
87769
121567
100604
100335
110610
81772
104452
89765
112180
100812
82882
87696
84762
89915
93950
108085
117544
95165
104120
105391
89051
113622
111895
85240
104207
101541
107778
95388
118804
82208
119227
103801
82665
96777
109204
89830
119104
92126
91767
120635
88374
109800
83494
83670
104924
88685
95448
91127
83756
102080
95913
82454
108898
109078
95777
99092
118634
104578
86386
84973
108599
119921
118671
103696
119765
108446
98565
93844
97943
104886
109861
120544
119867
93779
88639
86438
82793
111927
82666
106078
83164
95185
101818
110849
108655
97905
116534
95078
111943
87232
100260
86658
94946
93927
83778
80889
88065
120137
108381
100151
95751
112829
98054
113316
107334
116088
120521
83966
82947
112430
96369
89268
92128
110883
95016
103599
120234
106829
82868
107569
82090
100623
87138
97326
112887
92283
121055
116097
92961
98211
101037
108907
112390
86726
109968
108002
87327
94125
87390
91021
107978
120606
121072
108015
92399
115804
103673
93779
110856
99279
112226
95910
116265
90221
108585
95441
98807
96923
81020
83685
83711
108255
100297
80977
94440
109009
100036
91426
104946
115840
